lat_start = 30.290670
lat_end = 30.291925
lng_start = 120.067904
lng_end = 120.069884